lastAccountName: Kogol
timestamps:
  login: 1586791334505
  lastteleport: 1586791639536
ipAddress: 77.237.128.210
lastlocation:
  world: rwg
  x: -1441.6303990225092
  y: 113.0
  z: -725.7205510708554
  yaw: 181.51491
  pitch: 62.850067
